pcd1_merged.pcd
1
1125.0 2253.000020980835 1016.0000324249268
2
1108.0000400543213 2283.9999198913574 146.9999998807907
3
1036.0000133514404 -2141.0000324249268 852.9999852180481
4
855.0000190734863 -2418.9999103546143 842.0000076293945
pcd2_merged.pcd
1
1047.9999780654907 -2148.0000019073486 842.9999947547913
2
862.9999756813049 -2424.999952316284 851.9999980926514
3
1069.000005722046 2234.999895095825 1019.0000534057617
4
-402.99999713897705 1996.000051498413 135.00000536441803
pcd3_merged.pcd
1
1090.000033378601 2000.0 1001.9999742507935
2
1092.0000076293945 2108.9999675750732 115.00000208616257
3
1055.999994277954 -2158.9999198913574 837.0000123977661
4
851.0000109672546 -2411.0000133514404 846.0000157356262
pcd4_merged.pcd
1
1042.9999828338623 -2134.000062942505 848.9999771118164
2
1157.9999923706055 170.00000178813934 786.0000133514404
3
-1304.9999475479126 -879.0000081062317 688.0000233650208
4
-298.99999499320984 -1078.9999961853027 430.9999942779541
pcd5_merged.pcd
1
-298.99999499320984 -1075.0000476837158 439.0000104904175
2
1047.0000505447388 -2138.9999389648438 838.9999866485596
3
1164.9999618530273 179.00000512599945 785.0000262260437
4
-247.99999594688416 1970.0000286102295 133.00000131130219
pcd6_merged.pcd
1
-231.99999332427979 2226.0000705718994 143.00000667572021
2
1253.999948501587 2167.9999828338623 119.00000274181366
3
1274.999976158142 2078.9999961853027 1008.9999437332153
4
1044.9999570846558 -2154.0000438690186 851.0000109672546
pcd7_merged.pcd
1
1009.9999904632568 2127.000093460083 123.99999797344208
2
1049.9999523162842 2115.000009536743 1018.0000066757202
3
-293.0000126361847 -1065.999984741211 435.9999895095825
4
785.0000262260437 56.0000017285347 597.9999899864197
pcd8_merged.pcd
1
-314.0000104904175 2338.0000591278076 145.9999978542328
2
1120.0000047683716 1917.0000553131104 120.99999934434891
3
-287.00000047683716 -1072.0000267028809 432.0000112056732
4
-1289.0000343322754 -875.9999871253967 672.9999780654907
pcd9_merged.pcd
1
-1297.0000505447388 -870.9999918937683 690.9999847412109
2
-291.9999957084656 -1074.0000009536743 435.9999895095825
3
1177.9999732971191 180.00000715255737 773.9999890327454
4
294.99998688697815 2709.0001106262207 1756.00004196167
pcd10_merged.pcd
1
-1011.9999647140503 2828.9999961853027 2924.000024795532
2
1679.0000200271606 2631.999969482422 1738.0000352859497
3
-291.00000858306885 -1072.9999542236328 437.00000643730164
4
1047.0000505447388 -2151.9999504089355 843.999981880188
pcd11_merged.pcd
1
1041.0000085830688 -2138.000011444092 848.9999771118164
2
1152.999997138977 177.0000010728836 785.0000262260437
3
1037.999987602234 2207.0000171661377 1019.0000534057617
4
-1470.9999561309814 630.9999823570251 922.9999780654907
pcd12_merged.pcd
1
286.00001335144043 2713.0000591278076 1764.0000581741333
2
1085.9999656677246 2006.9999694824219 43.99999976158142
3
-289.000004529953 -1070.9999799728394 435.9999895095825
4
1054.9999475479126 -2151.0000228881836 851.9999980926514
pcd13_merged.pcd
1
1047.0000505447388 -2144.0000534057617 852.9999852180481
2
-291.9999957084656 -1070.9999799728394 437.00000643730164
3
-1299.0000247955322 -875.0 677.9999732971191
4
296.00000381469727 2713.9999866485596 1756.9999694824219
pcd14_merged.pcd
1
287.00000047683716 2707.9999446868896 1758.0000162124634
2
1072.0000267028809 2005.000114440918 131.99999928474426
3
-1297.9999780654907 -876.9999742507935 680.0000071525574
4
791.9999957084656 61.000000685453415 597.9999899864197
pcd15_merged.pcd
1
1149.0000486373901 175.99999904632568 777.0000100135803
2
-291.9999957084656 2752.000093460083 1766.9999599456787
3
1052.0000457763672 -2158.9999198913574 852.9999852180481
4
-740.0000095367432 -1080.9999704360962 456.9999873638153
pcd16_merged.pcd
1
-289.000004529953 -1072.0000267028809 435.9999895095825
2
1052.0000457763672 -2144.9999809265137 841.0000205039978
3
282.99999237060547 2710.0000381469727 1758.9999437332153
4
882.0000290870667 1649.0000486373901 101.99999809265137
pcd17_merged.pcd
1
992.9999709129333 2673.0000972747803 1766.9999599456787
2
1154.9999713897705 175.99999904632568 783.9999794960022
3
-287.9999876022339 -1062.999963760376 435.9999895095825
4
-1292.0000553131104 -865.9999966621399 689.9999976158142
pcd18_merged.pcd
1
-286.00001335144043 -1059.000015258789 432.99999833106995
2
1047.9999780654907 -2135.999917984009 842.9999947547913
3
1154.0000438690186 172.0000058412552 782.9999923706055
4
994.0000176429749 2684.000015258789 1779.0000438690186
pcd19_merged.pcd
1
-563.0000233650208 1169.0000295639038 1027.999997138977
2
-569.9999928474426 1174.0000247955322 123.00000339746475
3
595.0000286102295 2096.9998836517334 119.00000274181366
4
629.9999952316284 2078.9999961853027 1026.9999504089355
pcd20_merged.pcd
1
296.999990940094 2716.0000801086426 1763.0000114440918
2
767.0000195503235 1557.0000410079956 104.99999672174454
3
-1302.0000457763672 -875.0 685.0000023841858
4
-291.9999957084656 -1064.0000104904175 439.9999976158142
pcd1_merged.pcd
1
-405.0000011920929 2315.000057220459 -104.00000214576721
2
1120.0000047683716 2305.000066757202 -118.00000071525574
3
791.9999957084656 61.000000685453415 238.00000548362732
4
-1026.0000228881836 194.0000057220459 264.99998569488525
pcd2_merged.pcd
1
-423.99999499320984 1978.9999723434448 -98.9999994635582
2
1065.000057220459 2299.000024795532 -115.00000208616257
3
790.0000214576721 61.99999898672104 225.99999606609344
4
-1023.0000019073486 194.99999284744263 275.0000059604645
pcd3_merged.pcd
1
-411.00001335144043 2391.0000324249268 -81.00000023841858
2
1083.9999914169312 2099.9999046325684 -156.00000321865082
3
785.0000262260437 61.000000685453415 256.00001215934753
4
-1024.0000486373901 197.9999989271164 272.0000147819519
pcd1_merged.pcd
1
-405.0000011920929 2315.000057220459 -104.00000214576721
2
1120.0000047683716 2305.000066757202 -118.00000071525574
3
791.9999957084656 61.000000685453415 238.00000548362732
4
-1026.0000228881836 194.0000057220459 264.99998569488525
pcd2_merged.pcd
1
-423.99999499320984 1978.9999723434448 -98.9999994635582
2
1065.000057220459 2299.000024795532 -115.00000208616257
3
790.0000214576721 61.99999898672104 225.99999606609344
4
-1023.0000019073486 194.99999284744263 275.0000059604645
pcd3_merged.pcd
1
-411.00001335144043 2391.0000324249268 -81.00000023841858
2
1083.9999914169312 2099.9999046325684 -156.00000321865082
3
785.0000262260437 61.000000685453415 256.00001215934753
4
-1024.0000486373901 197.9999989271164 272.0000147819519
