mer112700 
1
-232 3470 1232
2
1305 3362 1176
3
1306 3365 317
4
-270 3484 334
mer112915 
1
-202 3835 1254
2
805 2736 1207
3
834 2736 303
4
-230 3872 359
mer112955 
1
-180 2692 1220
2
845 3776 1229
3
847 3833 347
4
-236 2705 336
mer113000 
1
-386 2637 1221
2
1063 3069 1177
3
973 3394 348
4
-526 2945 392
mer113100 
1
123 4492 1211
2
1621 4728 1528
3
1847 4733 652
4
308 4509 325
mer113209 
1
-205 4434 1254
2
1262 4890 1216
3
1391 4598 375
4
-143 4084 376
mer113246 
1
35 3655 1202
2
1000 4834 1187
3
1292 4640 392
4
285 3408 332
mer113400 
1
-563 3197 1517
2
276 3530 1202
3
-85 2991 -152
4
-907 2723 157
mer113600 
1
-583 2900 1238
2
946 2707 1209
3
927 2695 353
4
-627 2907 367
mer113700 
1
-8 3984 1226
2
712 2672 1208
3
739 2688 334
4
-39 4021 359
mer113806 
1
-1605 3454 1273
2
-107 3641 1247
3
-98 3646 344
4
-1649 3478 356
mer113838 
1
-1723 4444 1160
2
-204 4666 1141
3
-1708 3961 413
4
-144 4160 346
mer114204 
1
-156 3878 867
2
1280 3215 906
3
1246 3175 3
4
-144 3808 -28
mer114259 
1
79 3321 508
2
1524 3642 1065
3
1810 3675 255
4
444 3343 -301
mer114500 
1
-887 2511 1177
2
340 3324 1570
3
557 3407 714
4
-729 2612 325
mer112700.pcd
1
-2217.9999351501465 6460.000038146973 -257.999986410141
2
-1376.0000467300415 7452.000141143799 -277.99999713897705
3
-264.99998569488525 3479.0000915527344 331.0000002384186
4
1305.999994277954 3358.9999675750732 296.00000381469727
mer112915.pcd
1
-2230.9999465942383 6459.000110626221 -250.99998712539673
2
-1399.0000486373901 7445.000171661377 -229.0000021457672
3
-223.00000488758087 3868.99995803833 352.9999852180481
4
845.0000286102295 2733.9999675750732 272.0000147819519
mer112955.pcd
1
-2170.0000762939453 6443.999767303467 -256.99999928474426
2
-1388.0000114440918 7443.999767303467 -228.0000001192093
3
-238.99999260902405 2703.000068664551 319.9999928474426
4
856.000006198883 3841.0000801086426 368.00000071525574
mer113000.pcd
1
-2209.0001106262207 6460.000038146973 -256.00001215934753
2
-1449.0000009536743 7434.000015258789 -259.99999046325684
3
-524.9999761581421 2951.9999027252197 374.00001287460327
4
972.9999899864197 3394.0000534057617 347.9999899864197
mer113100.pcd
1
-2210.9999656677246 6427.999973297119 -272.0000147819519
2
-1371.999979019165 7407.9999923706055 -257.999986410141
3
303.0000030994415 4513.999938964844 310.9999895095825
4
1840.999960899353 4730.000019073486 657.0000052452087
mer113209.pcd
1
-2209.0001106262207 6447.000026702881 -277.0000100135803
2
-1386.9999647140503 7284.999847412109 -277.99999713897705
3
-143.00000667572021 4084.0001106262207 375.99998712539673
4
1386.9999647140503 4560.999870300293 354.0000021457672
mer113246.pcd
1
-2184.999942779541 6425.000190734863 -284.0000092983246
2
-1379.9999952316284 7425.000190734863 -268.0000066757202
3
287.9999876022339 3405.9998989105225 354.99998927116394
4
1274.0000486373901 4606.99987411499 381.00001215934753
