pcd1_merged.pcd
1
1125.0 2253.000020980835 1016.0000324249268
2
1115.0000095367432 2289.0000343322754 126.00000202655792
3
1042.9999828338623 -2145.9999084472656 848.9999771118164
4
851.9999980926514 -2427.000045776367 834.9999785423279
pcd2_merged.pcd
1
1069.000005722046 2234.999895095825 1019.0000534057617
2
1072.9999542236328 2312.999963760376 107.00000077486038
3
1044.0000295639038 -2160.0000858306885 848.9999771118164
4
853.9999723434448 -2414.0000343322754 834.9999785423279
pcd3_merged.pcd
1
1082.9999446868896 2017.9998874664307 1018.0000066757202
2
1077.0000219345093 2026.0000228881836 120.99999934434891
3
1046.0000038146973 -2154.0000438690186 846.0000157356262
4
848.9999771118164 -2424.000024795532 837.9999995231628
pcd5_merged.pcd
1
1228.0000448226929 2160.0000858306885 1016.9999599456787
2
1225.000023841858 2213.9999866485596 119.99999731779099
3
1171.0000038146973 173.99999499320984 777.0000100135803
4
-1297.0000505447388 -876.9999742507935 684.0000152587891
pcd6_merged.pcd
1
1276.0000228881836 2078.000068664551 1008.0000162124634
2
1268.0000066757202 2137.00008392334 128.00000607967377
3
1156.000018119812 177.0000010728836 782.9999923706055
4
-1302.0000457763672 -885.9999775886536 677.9999732971191
pcd7_merged.pcd
1
1042.9999828338623 2107.0001125335693 1019.9999809265137
2
1085.0000381469727 2210.9999656677246 82.0000022649765
3
787.9999876022339 59.00000035762787 595.0000286102295
4
1171.0000038146973 174.99999701976776 778.9999842643738
pcd8_merged.pcd
1
1131.00004196167 1863.0000352859497 1019.9999809265137
2
1108.9999675750732 1878.000020980835 133.00000131130219
3
1164.0000343322754 171.00000381469727 773.0000019073486
4
-1286.9999408721924 -864.0000224113464 676.9999861717224
pcd9_merged.pcd
1
1029.9999713897705 2079.9999237060547 1024.0000486373901
2
1055.999994277954 2141.9999599456787 81.00000023841858
3
-1302.0000457763672 -875.9999871253967 680.0000071525574
4
794.0000295639038 59.00000035762787 595.0000286102295
pcd10_merged.pcd
1
963.9999866485596 1567.9999589920044 1013.0000114440918
2
962.0000123977661 1578.9999961853027 120.99999934434891
3
787.0000004768372 50.999999046325684 593.999981880188
4
1172.0000505447388 175.99999904632568 786.0000133514404
pcd11_merged.pcd
1
1037.999987602234 2207.0000171661377 1019.0000534057617
2
1050.9999990463257 2250.999927520752 96.00000083446503
3
-1284.999966621399 -876.9999742507935 675.9999990463257
4
-1490.0000095367432 639.9999856948853 930.0000071525574
pcd12_merged.pcd
1
1065.999984741211 1889.9999856948853 1009.9999904632568
2
1067.9999589920044 1904.9999713897705 138.99999856948853
3
790.0000214576721 57.999998331069946 592.9999947547913
4
-1297.0000505447388 -865.9999966621399 685.9999895095825
pcd13_merged.pcd
1
1118.0000305175781 2269.9999809265137 1019.9999809265137
2
1115.0000095367432 2292.9999828338623 140.00000059604645
3
792.9999828338623 61.99999898672104 598.9999771118164
4
-1299.0000247955322 -875.0 677.9999732971191
