2750657
0
545                134
1
1058                145
2
1061                449
3
530                438
2932673
0
559                171
1
961                58
2
970                432
3
552                445
3012465
0
549                36
1
873                179
2
869                452
3
524                418
3043213
0
454                32
1
1014                126
2
942                436
3
408                404
3143114
0
657                233
1
1007                175
2
1058                387
3
700                463
3226066
0
566                217
1
917                259
2
962                454
3
579                437
3302084
0
635                167
1
853                258
2
934                456
3
724                427
3423342
0
422                1
1
702                139
2
568                627
3
224                492
3709838
0
389                63
1
1007                57
2
1013                435
3
368                422
3746830
0
618                185
1
924                48
2
933                430
3
612                451
3822211
0
90                132
1
581                154
2
575                441
3
66                425
3854838
0
165                240
1
556                257
2
563                446
3
117                432
4221023
0
575                291
1
1068                245
2
1070                569
3
574                566
4315452
0
648                378
1
1084                218
2
1177                481
3
776                671
4528172
0
217                24
1
734                10
2
799                311
3
296                422
LUCID_TRI050S-Q_250800366__20250823112750657_image0.jpg
0
203                590
1
383                583
2
530                439
3
1064                452
LUCID_TRI050S-Q_250800366__20250823112932673_image0.jpg
0
204                589
1
381                583
2
551                445
3
971                433
LUCID_TRI050S-Q_250800366__20250823113012465_image0.jpg
0
205                589
1
381                583
2
522                419
3
872                455
LUCID_TRI050S-Q_250800366__20250823113043213_image0.jpg
0
205                590
1
384                583
2
403                404
3
947                439
LUCID_TRI050S-Q_250800366__20250823113143114_image0.jpg
0
204                592
1
382                583
2
698                465
3
1063                388
LUCID_TRI050S-Q_250800366__20250823113226066_image0.jpg
0
206                592
1
383                587
2
577                436
3
963                457
LUCID_TRI050S-Q_250800366__20250823113302084_image0.jpg
0
208                592
1
383                584
2
720                428
3
937                456
