1.jpg
0
1519                1645
1
1591                1819
2
1552                359
3
1473                311
2.jpg
0
1557                358
1
1477                310
2
1511                1648
3
1034                1881
3.jpg
0
1533                1626
1
1620                1816
2
1555                362
3
1475                313
4.jpg
0
1549                364
1
1841                1118
2
626                605
3
1011                262
5.jpg
0
1012                261
1
1550                365
2
1841                1118
3
1090                1904
6.jpg
0
1110                1904
1
1659                1796
2
1568                1620
3
1552                365
7.jpg
0
1587                1832
1
1512                1643
2
1019                258
3
1870                1091
8.jpg
0
1079                1894
1
1658                1801
2
1021                259
3
628                607
9.jpg
0
628                607
1
1020                259
2
1844                1119
3
1274                1600
10.jpg
0
1039                1484
1
1549                1541
2
1020                257
3
1553                366
11.jpg
0
1552                363
1
1839                1118
2
1501                1650
3
622                1263
12.jpg
0
1276                1600
1
1633                1810
2
1022                258
3
1552                364
13.jpg
0
1553                364
1
1021                257
2
628                607
3
1273                1598
14.jpg
0
1275                1598
1
1625                1814
2
627                604
3
1868                1088
15.jpg
0
1842                1120
1
1142                1601
2
1552                364
3
776                359
16.jpg
0
1021                258
1
1554                364
2
1274                1598
3
1637                1816
17.jpg
0
1420                1578
1
1844                1117
2
1024                257
3
627                603
18.jpg
0
1022                258
1
1553                363
2
1840                1117
3
1420                1576
19.jpg
0
970                1535
1
820                1840
2
1454                1880
3
1402                1668
20.jpg
0
1275                1598
1
1612                1836
2
628                604
3
1021                257
01.jpg
0
1040                1937
1
1617                1866
2
2107                1115
3
371                1176
02.jpg
0
1007                1939
1
1606                1872
2
2109                1111
3
376                1173
03.jpg
0
1050                1938
1
1649                1867
2
2106                1116
3
373                1178
01.jpg
0
1487                1433
1
1385                1480
2
1271                1507
3
1136                1504
02.jpg
0
1490                1430
1
1394                1478
2
1273                1506
3
1139                1503
03.jpg
0
1487                1436
1
1389                1481
2
1270                1507
3
1136                1504
01.jpg
0
1487                1433
1
1385                1480
2
1271                1507
3
1136                1504
02.jpg
0
1490                1430
1
1394                1478
2
1273                1506
3
1139                1503
03.jpg
0
1487                1436
1
1389                1481
2
1270                1507
3
1136                1504
