image_20250813145250.jpg
0
305                155
1
298                375
2
1736                230
3
1813                241
image_20250813145347.jpg
0
299                155
1
292                378
2
1732                232
3
1809                243
image_20250813145455.jpg
0
325                144
1
320                385
2
1732                226
3
1810                240
image_20250813145738.jpg
0
339                161
1
331                382
2
931                96
3
2660                183
image_20250813150126.jpg
0
357                160
1
350                387
2
931                99
3
2661                181
image_20250813150358.jpg
0
300                151
1
293                384
2
962                123
3
930                96
image_20250813150457.jpg
0
356                140
1
350                392
2
928                98
3
2660                181
image_20250813150557.jpg
0
304                149
1
298                387
2
2660                180
3
962                125
image_20250813150820.jpg
0
364                108
1
357                399
2
960                126
3
929                97
image_20250813150903.jpg
0
291                151
1
283                382
2
2660                181
3
3325                79
image_20250813150946.jpg
0
337                137
1
329                390
2
959                125
3
2659                181
image_20250813151016.jpg
0
301                159
1
298                380
2
960                124
3
2659                182
